r1_ID        r2_ID        r2_ID_TG2    r0_MS        r1_MS        r2_MS        SUp_r1_ID    SUp_r2_ID    SUp_r2_ID_TG2 SUp_r0_MS    SUp_r1_MS    SUp_r2_MS    SDw_r1_ID    SDw_r2_ID    SDw_r2_ID_TG2 SDw_r0_MS    SDw_r1_MS    SDw_r2_MS    
0.00649167    0.00002443  0.00000000  0.00000000  0.00437875  0.00033838  0.00290691  0.00000058  0.00000000  0.03000000  0.00090963  0.00003569  0.00290691  0.00000058  0.00000000  0.00000000  0.00090963  0.00003569
0.00649167    0.00002443  0.00000000  0.00000000  0.00958375  0.00026750  0.00290691  0.00000058  0.00000000  0.03000000  0.00299168  0.00006425  0.00290691  0.00000058  0.00000000  0.00000000  0.00299168  0.00006425
0.00368636    0.00001740  0.00000000  0.00000000  0.00648875  0.00035113  0.00132527  0.00000154  0.00000000  0.03000000  0.00210752  0.00002690  0.00132527  0.00000154  0.00000000  0.00000000  0.00210752  0.00002690
0.00368636    0.00001740  0.00000000  0.00000000  0.01066000  0.00042275  0.00132527  0.00000154  0.00000000  0.03000000  0.00123234  0.00001653  0.00132527  0.00000154  0.00000000  0.00000000  0.00123234  0.00001653
0.00652636    0.00045859  0.00000000  0.00000000  0.00738875  0.00038088  0.00227902  0.00001666  0.00000000  0.03000000  0.00255323  0.00003581  0.00227902  0.00001666  0.00000000  0.00000000  0.00255323  0.00003581
0.00652636    0.00045859  0.00000000  0.00000000  0.00819538  0.00055938  0.00227902  0.00001666  0.00000000  0.03000000  0.00399909  0.00003570  0.00227902  0.00001666  0.00000000  0.00000000  0.00399909  0.00003570
0.00450700    0.00029314  0.00000000  0.00000000  0.01172500  0.00056200  0.00184767  0.00001552  0.00000000  0.03000000  0.00037545  0.00000359  0.00184767  0.00001552  0.00000000  0.00000000  0.00037545  0.00000359
0.00450700    0.00029314  0.00000000  0.00000000  0.01352250  0.00098338  0.00184767  0.00001552  0.00000000  0.03000000  0.00195416  0.00001635  0.00184767  0.00001552  0.00000000  0.00000000  0.00195416  0.00001635
0.00605091    0.00020991  0.00000000  0.00000000  0.00638667  0.00097025  0.00065289  0.00000709  0.00000000  0.03000000  0.00060389  0.00002269  0.00065289  0.00000709  0.00000000  0.00000000  0.00060390  0.00002269
0.00605091    0.00020991  0.00000000  0.00000000  0.01554250  0.00068500  0.00065289  0.00000709  0.00000000  0.03000000  0.00428472  0.00005077  0.00065289  0.00000709  0.00000000  0.00000000  0.00428472  0.00005077
0.00724773    0.00018527  0.00000000  0.00000000  0.00776875  0.00056888  0.00111757  0.00002521  0.00000000  0.03000000  0.00078508  0.00000838  0.00111757  0.00002521  0.00000000  0.00000000  0.00078507  0.00000838
0.00724773    0.00018527  0.00000000  0.00000000  0.00701625  0.00054275  0.00111757  0.00002521  0.00000000  0.03000000  0.00326872  0.00001538  0.00111757  0.00002521  0.00000000  0.00000000  0.00326872  0.00001538
0.00399430    0.00021427  0.00000000  0.00000000  0.00322625  0.00030000  0.00067104  0.00001229  0.00000000  0.03000000  0.00054794  0.00000798  0.00067104  0.00001229  0.00000000  0.00000000  0.00054794  0.00000798
0.00399430    0.00021427  0.00000000  0.00000000  0.00518500  0.00041175  0.00067104  0.00001229  0.00000000  0.03000000  0.00179304  0.00002077  0.00067104  0.00001229  0.00000000  0.00000000  0.00179304  0.00002077
0.00239955    0.00003785  0.00000000  0.00000000  0.00474875  0.00011025  0.00110907  0.00001600  0.00000000  0.03000000  0.00115866  0.00003766  0.00110906  0.00001600  0.00000000  0.00000000  0.00115865  0.00003766
0.00239955    0.00003785  0.00000000  0.00000000  0.00622250  0.00036163  0.00110907  0.00001600  0.00000000  0.03000000  0.00226391  0.00001640  0.00110906  0.00001600  0.00000000  0.00000000  0.00226391  0.00001640
0.00357364    0.00006264  0.00000000  0.00000000  0.01401125  0.00018913  0.00030292  0.00002898  0.00000000  0.03000000  0.00354558  0.00011339  0.00030292  0.00002898  0.00000000  0.00000000  0.00354558  0.00011339
0.00357364    0.00006264  0.00000000  0.00000000  0.01320375  0.00030175  0.00030292  0.00002898  0.00000000  0.03000000  0.00162943  0.00002150  0.00030292  0.00002898  0.00000000  0.00000000  0.00162943  0.00002150
0.00412682    0.00004609  0.00000000  0.00000000  0.00896625  0.00034313  0.00014877  0.00002233  0.00000000  0.03000000  0.00305610  0.00003072  0.00014877  0.00002233  0.00000000  0.00000000  0.00305610  0.00003072
0.00412682    0.00004609  0.00000000  0.00000000  0.01015750  0.00035625  0.00014877  0.00002233  0.00000000  0.03000000  0.00244764  0.00003440  0.00014877  0.00002233  0.00000000  0.00000000  0.00244764  0.00003440
0.00350864    0.00003415  0.00000000  0.00000000  0.01351500  0.00002675  0.00049642  0.00001569  0.00000000  0.03000000  0.00034603  0.00001525  0.00049642  0.00001569  0.00000000  0.00000000  0.00034603  0.00001525
0.00350864    0.00003415  0.00000000  0.00000000  0.00424875  0.00033013  0.00049642  0.00001569  0.00000000  0.03000000  0.00225810  0.00001718  0.00049642  0.00001569  0.00000000  0.00000000  0.00225810  0.00001718
0.00495455    0.00018377  0.00000000  0.00000000  0.01052425  0.00029058  0.00151398  0.00003150  0.00000000  0.03000000  0.00174590  0.00003155  0.00151398  0.00003150  0.00000000  0.00000000  0.00174590  0.00003155
0.00495455    0.00018377  0.00000000  0.00000000  0.00916450  0.00040290  0.00151398  0.00003150  0.00000000  0.03000000  0.00083152  0.00001520  0.00151398  0.00003150  0.00000000  0.00000000  0.00083152  0.00001520
0.00506227    0.00023205  0.00000000  0.00000000  0.02154175  0.00036150  0.00091233  0.00001249  0.00000000  0.03000000  0.00235442  0.00006050  0.00091233  0.00001249  0.00000000  0.00000000  0.00235442  0.00006050
0.00506227    0.00023205  0.00000000  0.00000000  0.00424000  0.00051888  0.00091233  0.00001249  0.00000000  0.03000000  0.00050778  0.00000877  0.00091233  0.00001249  0.00000000  0.00000000  0.00050778  0.00000877
0.00386591    0.00023995  0.00000000  0.00000000  0.00690875  0.00090100  0.00151794  0.00000908  0.00000000  0.03000000  0.00086489  0.00000960  0.00151794  0.00000908  0.00000000  0.00000000  0.00086489  0.00000960
0.00386591    0.00023995  0.00000000  0.00000000  0.00471625  0.00077575  0.00151794  0.00000908  0.00000000  0.03000000  0.00130902  0.00000390  0.00151794  0.00000908  0.00000000  0.00000000  0.00130902  0.00000390
0.00630818    0.00028150  0.00000000  0.00000000  0.02632875  0.00028417  0.00030610  0.00000675  0.00000000  0.03000000  0.00113397  0.00008446  0.00030610  0.00000675  0.00000000  0.00000000  0.00113397  0.00008446
0.00630818    0.00028150  0.00000000  0.00000000  0.01203000  0.00100125  0.00030610  0.00000675  0.00000000  0.03000000  0.00168809  0.00002006  0.00030610  0.00000675  0.00000000  0.00000000  0.00168809  0.00002006
0.00599364    0.00047444  0.00000000  0.00000000  0.00889375  0.00040250  0.00101249  0.00000685  0.00000000  0.03000000  0.00430283  0.00005208  0.00101249  0.00000685  0.00000000  0.00000000  0.00430283  0.00005208
0.00599364    0.00047444  0.00000000  0.00000000  0.00962250  0.00056515  0.00101249  0.00000685  0.00000000  0.03000000  0.00123656  0.00001401  0.00101249  0.00000685  0.00000000  0.00000000  0.00123656  0.00001401
0.00309091    0.00001502  0.00000000  0.00000000  0.01692750  0.00009750  0.00140220  0.00000146  0.00000000  0.03000000  0.00042794  0.00001942  0.00140220  0.00000146  0.00000000  0.00000000  0.00042794  0.00001942
0.00309091    0.00001502  0.00000000  0.00000000  0.02067625  0.00010925  0.00140220  0.00000146  0.00000000  0.03000000  0.00029162  0.00001975  0.00140220  0.00000146  0.00000000  0.00000000  0.00029162  0.00001975
0.00906636    0.00002223  0.00000000  0.00000000  0.01331375  0.00027650  0.00229365  0.00000046  0.00000000  0.03000000  0.00137286  0.00003494  0.00229365  0.00000046  0.00000000  0.00000000  0.00137286  0.00003494
0.00906636    0.00002223  0.00000000  0.00000000  0.00950125  0.00034713  0.00229365  0.00000046  0.00000000  0.03000000  0.00112487  0.00002389  0.00229365  0.00000046  0.00000000  0.00000000  0.00112487  0.00002389
